2 0.22424159999354742  96
5 0.0002473000204190612  600
10 0.0016805999912321568  2400
12 0.0032374000002164394  3456
15 0.005040999996708706  5400
20 0.015718900016508996  9600
30 0.1292468000028748  21600
40 0.14773759999661706  38400
45 0.13527319999411702  48600
50 0.19461299999966286  60000
55 0.36369259998900816  72600
60 0.3474385000008624  86400
75 0.6053132000088226  135000
100 1.5832934000063688  240000
125 3.600225500005763  375000
160 6.421268999984022  614400
200 12.06935100001283  960000
250 25.169569599995157  1500000
350 73.50974599999608  2940000
500 233.19359860001714  6000000
