2 0.010246099991491064  96
5 0.000443900004029274  600
10 0.00359879998723045  2400
12 0.0031759999983478338  3456
15 0.006697200005874038  5400
20 0.021362900006351992  9600
30 0.06337300001177937  21600
40 0.15844769999966957  38400
45 0.1772814000141807  48600
50 0.5984974000020884  60000
55 0.5308808000118006  72600
60 0.7924375000002328  86400
75 0.9796844999946188  135000
100 2.170823599997675  240000
125 4.4593951999850105  375000
160 9.969550899986643  614400
200 20.069086300005438  960000
250 35.965304300014395  1500000
350 100.2652601999871  2940000
500 300.8844119000132  6000000
