2 0.016004999983124435  96
5 0.00047480000648647547  600
10 0.005260600009933114  2400
12 0.009826199995586649  3456
15 0.01439229998504743  5400
20 0.10531059998902492  9600
30 0.2979363000195008  21600
40 0.373666300001787  38400
45 0.2570220000052359  48600
50 0.5151724999886937  60000
55 0.705914499994833  72600
60 1.3071216999960598  86400
75 4.089300399995409  135000
100 4.081249400012894  240000
125 3.9464851999946404  375000
160 8.285182599996915  614400
200 17.961214399983874  960000
250 36.731735100009246  1500000
350 102.83731840000837  2940000
500 294.86816409998573  6000000
