2 0.014271599997300655  96
5 0.0005472000048030168  600
10 0.006820800015702844  2400
12 0.003039200004423037  3456
15 0.008608000003732741  5400
20 0.022584399994229898  9600
30 0.10788370002410375  21600
40 0.18932500001392327  38400
45 0.5338630999904126  48600
50 0.8811387000023387  60000
55 0.4594177000108175  72600
60 0.8014843999990262  86400
75 1.2183251999958884  135000
100 3.142025300010573  240000
125 4.8534954999922775  375000
160 19.183076899993466  614400
200 78.48321559999022  960000
250 114.9942916999862  1500000
350 318.79521620000014  2940000
500 636.0827494999976  6000000
