2 0.017805700015742332  96
5 0.000514300016220659  600
10 0.0027626000228337944  2400
12 0.002924100001109764  3456
15 0.010424900014186278  5400
20 0.02213950001168996  9600
30 0.05991360000916757  21600
40 0.21284860000014305  38400
45 0.38853550000931136  48600
50 0.30711179997888394  60000
55 0.3448379000183195  72600
60 0.6077637999842409  86400
75 0.9801594999735244  135000
100 2.450678399996832  240000
125 4.742063999990933  375000
160 9.705642400018405  614400
200 19.313192600006005  960000
250 33.97470380002051  1500000
350 101.31129699997837  2940000
500 311.4290277999826  6000000
