2 0.012279699993086979  96
5 0.0010682000138331205  600
10 0.004685599997173995  2400
12 0.0032276000129058957  3456
15 0.007514400000218302  5400
20 0.019464399985736236  9600
30 0.07492529999581166  21600
40 0.1480364000017289  38400
45 0.19529179998789914  48600
50 0.7447125999897253  60000
55 0.4582436999771744  72600
60 0.5265433000167832  86400
75 0.8692768999899272  135000
100 2.1394654999894556  240000
125 4.2672334999952  375000
160 9.235416400013492  614400
200 17.510511600004975  960000
250 35.147502699983306  1500000
350 101.91370679999818  2940000
500 286.3446385000134  6000000
