2 0.09705229999963194  96
5 0.0005290000117383897  600
10 0.0033568999788258225  2400
12 0.006282600021222606  3456
15 0.012092499993741512  5400
20 0.03357359999790788  9600
30 0.06603170000016689  21600
40 0.13959690000046976  38400
45 0.8053558000246994  48600
50 0.5729075999988709  60000
55 0.6711542999837548  72600
60 0.6759840000013355  86400
75 0.8889542999968398  135000
100 2.2791674000036437  240000
125 5.633162399986759  375000
160 9.796156199998222  614400
200 19.391889199992875  960000
250 42.29124540000339  1500000
350 115.89948480000021  2940000
500 315.58929309999803  6000000
