2 0.01792589999968186  96
5 0.00023800000781193376  600
10 0.002609699993627146  2400
12 0.009985499986214563  3456
15 0.006594999984372407  5400
20 0.015673599991714582  9600
30 0.05075249998481013  21600
40 0.651008599990746  38400
45 0.27940790000138804  48600
50 0.3535268999985419  60000
55 0.5912369000143372  72600
60 1.0361305999977048  86400
75 1.7149653999949805  135000
100 3.9295137000153773  240000
125 6.788247599994065  375000
160 11.100930300017353  614400
200 19.426946799998404  960000
250 37.156016799999634  1500000
350 104.41953329998069  2940000
500 312.8535342999967  6000000
