2 0.009700199996586889  96
5 0.0004921999934595078  600
10 0.0036863000132143497  2400
12 0.004455299989785999  3456
15 0.005461499997181818  5400
20 0.012801300006685778  9600
30 0.04469509999034926  21600
40 0.1712790000019595  38400
45 0.18800759999430738  48600
50 0.3321713999903295  60000
55 0.30510829997365363  72600
60 0.44132579999859445  86400
75 0.9306738000013866  135000
100 2.240095499990275  240000
125 4.649443100002827  375000
160 9.192924899980426  614400
200 19.07690260000527  960000
250 35.08932560001267  1500000
350 103.34121650000452  2940000
500 298.3214233999897  6000000
