2 0.016551599983358756  96
5 0.00043799998820759356  600
10 0.003263699996750802  2400
12 0.006129100016551092  3456
15 0.015205500007141382  5400
20 0.03166600002441555  9600
30 0.0658980000007432  21600
40 0.2177017999929376  38400
45 0.310745599999791  48600
50 0.3248899999889545  60000
55 0.3896272999991197  72600
60 0.5312756999919657  86400
75 1.0443601999722887  135000
100 2.946158299979288  240000
125 4.85392779999529  375000
160 9.983483199990587  614400
200 18.841330900002504  960000
250 34.900710300018545  1500000
350 106.14107929999591  2940000
500 314.9256088999973  6000000
