2 8.450000023003667e-05
5 5.5969996901694684e-05
10 8.470999891869724e-05
12 6.379000114975497e-05
15 7.57600020733662e-05
20 5.07999982801266e-05
30 9.044000034919009e-05
40 0.00011323000071570278
45 0.00017850000003818422
50 0.00016598999936832116
55 0.00019808000070042908
60 0.00023592000070493668
75 0.00028501999913714825
100 0.00043400000140536577
125 0.0005617199989501387
160 0.0008633899968117475
200 0.0010429500005557201
250 0.0014009599995915777
350 0.0038481599985971116
500 0.013877800000773276
800 0.031864220001443753
1000 0.048055219998059326
2000 0.347836140000436
5000 8.555555729997286
