2 0.006755370000610128
5 0.0001075499996659346
10 0.0009241799984010868
12 0.000128079998830799
15 0.0004923999978927896
20 0.0004715800008852966
30 0.00040144000086002053
40 0.000485830003162846
45 0.0002936999997473322
50 0.0003886999969836324
55 0.00036567000206559895
60 0.0005012800014810636
75 0.0006403999999747611
100 0.000855790002970025
125 0.0012124500019126572
160 0.0026181600012932906
200 0.002292880004097242
250 0.005284289998235181
350 0.01192513000132749
500 0.036964930000249294
800 0.11243011000042316
1000 0.17085674000118162
2000 1.096193679999851
5000 24.640929080000205
