1 0.15905639999982668  24
4 0.010436800002935342  384
10 0.00032380000629927963  2400
12 2.5300003471784294e-05  3456
16 0.0004878999970969744  6144
20 3.489999653538689e-05  9600
30 7.609999738633633e-05  21600
42 0.0033743999956641346  42336
46 0.00015219999477267265  50784
50 4.509999416768551e-05  60000
54 4.3499996536411345e-05  69984
60 6.209999992279336e-05  86400
65 6.329999450827017e-05  101400
70 6.750000466126949e-05  117600
100 0.00018249999993713573  240000
120 0.0010894000006373972  345600
170 0.004283499998564366  693600
200 0.002638199999637436  960000
240 0.003948199999285862  1382400
410 0.011503300003823824  4034400
500 0.01648919999570353  6000000
550 0.0261499999978696  7260000
800 0.0581190999946557  15360000
2000 0.7646430999957374  96000000
5000 10.526960100003635  600000000
10000 194.79550469999958  2400000000
