1 0.176511899997422  24
4 0.009888000000501052  384
10 0.0005176999984541908  2400
12 5.7000004744622856e-05  3456
16 0.0005468000017572194  6144
20 7.200000254670158e-05  9600
30 0.0006730000022798777  21600
42 0.005806100001791492  42336
46 0.0003934999986086041  50784
50 0.00014000000373926014  60000
54 0.0001325999983237125  69984
60 0.00012759999663103372  86400
65 0.00021689999994123355  101400
70 0.0005507000023499131  117600
100 0.0002823000031639822  240000
120 0.0007361000025412068  345600
170 0.003540999998222105  693600
200 0.004247699995175935  960000
240 0.004070199996931478  1382400
410 0.016038000001572073  4034400
500 0.013245099995401688  6000000
550 0.02584740000020247  7260000
800 0.05509229999734089  15360000
2000 0.9594327999948291  96000000
5000 10.419387200003257  600000000
10000 195.69192849999672  2400000000
