1 0.19702069999766536  24
4 0.020300600001064595  384
10 0.0009978000016417354  2400
12 0.00022259999968810007  3456
16 0.0010653999997884966  6144
20 0.00010720000136643648  9600
30 0.00012390000483719632  21600
42 0.007345700003497768  42336
46 0.0003597000031732023  50784
50 9.890000364976004e-05  60000
54 6.600000051548705e-05  69984
60 7.929999992484227e-05  86400
65 6.399999983841553e-05  101400
70 0.00022710000484948978  117600
100 0.00021009999909438193  240000
120 0.0014341999994940124  345600
170 0.00514899999689078  693600
200 0.016054799998528324  960000
240 0.01180960000056075  1382400
410 0.029152700000850018  4034400
500 0.03510629999800585  6000000
550 0.031185300002107397  7260000
800 0.19235489999846322  15360000
2000 1.3302907999968738  96000000
5000 14.559395900003437  600000000
10000 174.7698808999994  2400000000
