1 0.18103500000142958  24
4 0.01440310000180034  384
10 0.0003276999996160157  2400
12 6.36000040685758e-05  3456
16 0.0004422000056365505  6144
20 0.0006382999999914318  9600
30 0.0007901999997557141  21600
42 0.0124701999957324  42336
46 0.0008820000002742745  50784
50 0.00015530000382568687  60000
54 0.00014960000407882035  69984
60 0.00011229999654460698  86400
65 0.0008469999957014807  101400
70 0.00016879999748198316  117600
100 0.0005433999976958148  240000
120 0.0017771000057109632  345600
170 0.007475999998860061  693600
200 0.0026794000004883856  960000
240 0.004801100003533065  1382400
410 0.0105318999994779  4034400
500 0.013851800002157688  6000000
550 0.023101999999198597  7260000
800 0.06040779999602819  15360000
2000 0.824282099994889  96000000
5000 13.392923699997482  600000000
10000 205.2012016000008  2400000000
