1 0.1579974999986007  24
4 0.010888299999351148  384
10 0.000370699999621138  2400
12 3.5700002626981586e-05  3456
16 0.0007370000021182932  6144
20 7.599999662488699e-05  9600
30 0.00012670000432990491  21600
42 0.004981400001270231  42336
46 0.0013140000010025688  50784
50 0.00025460000324528664  60000
54 9.940000018104911e-05  69984
60 6.329999450827017e-05  86400
65 0.00012009999772999436  101400
70 0.0004002999994554557  117600
100 0.0003361000053700991  240000
120 0.001072400002158247  345600
170 0.0040466999998898245  693600
200 0.002608199996757321  960000
240 0.004132800000661518  1382400
410 0.010775800001283642  4034400
500 0.01669249999395106  6000000
550 0.02381279999826802  7260000
800 0.05691780000051949  15360000
2000 0.7566730000035022  96000000
5000 10.01708409999992  600000000
10000 156.06111480000254  2400000000
