1 0.07196879999537487  24
4 0.0005941000126767904  384
10 0.00034189999860245734  2400
12 2.549999044276774e-05  3456
16 1.6200006939470768e-05  6144
20 1.4999997802078724e-05  9600
30 0.00035180000122636557  21600
42 0.006317399995168671  42336
46 0.0007103999960236251  50784
50 3.2400013878941536e-05  60000
54 2.7900008717551827e-05  69984
60 3.5500008380040526e-05  86400
65 5.020000389777124e-05  101400
70 3.979999746661633e-05  117600
100 7.069999992381781e-05  240000
120 0.0010055000020656735  345600
170 0.00552859999879729  693600
200 0.0012292000028537586  960000
240 0.0032098000083351508  1382400
410 0.008253100008005276  4034400
500 0.013183599992771633  6000000
550 0.023615199999767356  7260000
800 0.049576799996430054  15360000
2000 0.6537162000022363  96000000
5000 7.3325629894997423  600000000
10000 200.20134160043306  2400000000
