1 0.11757869999564718  24
4 0.012491599998611491  384
10 0.0002945000014733523  2400
12 2.4300003133248538e-05  3456
16 0.0008782000004430301  6144
20 0.0002556999970693141  9600
30 0.00010089999705087394  21600
42 0.004162400000495836  42336
46 0.0011312999995425344  50784
50 5.6599994422867894e-05  60000
54 6.0200000007171184e-05  69984
60 6.179999763844535e-05  86400
65 0.00013699999544769526  101400
70 0.0019563999958336353  117600
100 0.0023491999963880517  240000
120 0.002239700006612111  345600
170 0.007464199996320531  693600
200 0.006102200000896119  960000
240 0.0072509000019636005  1382400
410 0.015117599999939557  4034400
500 0.01543600000150036  6000000
550 0.03567320000001928  7260000
800 0.07057180000265362  15360000
2000 0.9975001999991946  96000000
5000 16.18424000000232  600000000
10000 174.45217820000107  2400000000
