1 0.1638617000062368  24
4 0.009756399995239917  384
10 0.00035319999733474106  2400
12 6.779999966965988e-05  3456
16 8.469999738736078e-05  6144
20 2.7600006433203816e-05  9600
30 6.230000144569203e-05  21600
42 0.003991099998529535  42336
46 0.00028870000096503645  50784
50 0.00011699999595293775  60000
54 7.729999924777076e-05  69984
60 0.0001999000014620833  86400
65 0.0004472999935387634  101400
70 0.00015469999925699085  117600
100 0.0012009999991278164  240000
120 0.001093499995477032  345600
170 0.0031749000045238063  693600
200 0.002307800001290161  960000
240 0.00283839999610791  1382400
410 0.011979800001427066  4034400
500 0.01441540000087116  6000000
550 0.03127939999831142  7260000
800 0.05662490000395337  15360000
2000 0.7722596999956295  96000000
5000 9.755635000001348  600000000
10000 163.7970753000045  2400000000
