1 0.25375219999841647  24
4 0.009931400003551971  384
10 0.0003406000032555312  2400
12 4.600000102072954e-05  3456
16 9.870000212686136e-05  6144
20 2.5399996957276016e-05  9600
30 0.00010240000119665638  21600
42 0.004954599993652664  42336
46 0.0005205999987083487  50784
50 0.00022850000095786527  60000
54 0.00017639999714447185  69984
60 0.000160400006279815  86400
65 0.0002426999999443069  101400
70 8.730000263312832e-05  117600
100 0.0003895999980159104  240000
120 0.000662500002363231  345600
170 0.005445900002087001  693600
200 0.003075200002058409  960000
240 0.004011700002592988  1382400
410 0.022611899999901652  4034400
500 0.01501060000009602  6000000
550 0.035069499994278885  7260000
800 0.07176610000169603  15360000
2000 0.8879236000066157  96000000
5000 10.91326759999356  600000000
10000 200.90530020000006  2400000000
