1 0.23623660000157543  24
4 0.012123799999244511  384
10 0.000588800001423806  2400
12 8.64000030560419e-05  3456
16 0.0005316999959177338  6144
20 5.439999949885532e-05  9600
30 0.00015519999578827992  21600
42 0.004922499996609986  42336
46 0.00031370000215247273  50784
50 9.219999628840014e-05  60000
54 8.95000048330985e-05  69984
60 0.0001081000009435229  86400
65 0.00015349999739555642  101400
70 0.00026340000476920977  117600
100 0.0002671999973244965  240000
120 0.001120900000387337  345600
170 0.003368999998201616  693600
200 0.002836100000422448  960000
240 0.003897599999618251  1382400
410 0.017361199999868404  4034400
500 0.013000400002056267  6000000
550 0.024713799997698516  7260000
800 0.05979449999722419  15360000
2000 1.5486963000003016  96000000
5000 16.54155919999903  600000000
10000 170.10025119999773  2400000000
