2 0.0002471799962222576
5 0.0002613999997265637
10 0.0002750799874775112
12 0.00029785999795421957
15 0.0006177000002935528
20 0.0001679800101555884
30 0.00015453998930752276
40 0.00038123999256640674
45 0.00038670001085847614
50 0.000527940015308559
55 0.0006734799942933023
60 0.0006258599925786257
75 0.0006667399895377458
100 0.001522479997947812
125 0.0007582000107504427
160 0.0010138000012375414
200 0.001183079998008907
250 0.0014532400062307715
350 0.02775314002064988
500 0.012428039987571537
800 0.023989819991402327
1000 0.05506532000144944
2000 0.33816664000041785
5000 2.9585466400021687
10000 17.96076173998881
