2 0.006574860005639493
5 0.0004958999925293028
10 0.0015230000019073487
12 0.00016281998250633478
15 0.0004812799976207316
20 0.0012617399916052818
30 0.0007323999889194965
40 0.001123219996225089
45 0.000554859999101609
50 0.0011574000003747643
55 0.0011040400015190244
60 0.0007888200110755861
75 0.0014052400016225874
100 0.0021186999976634978
125 0.0024043999845162036
160 0.018373240006621928
200 0.0042110199923627075
250 0.004731660010293126
350 0.013630240014754236
500 0.11890637998003513
800 0.0974004999967292
1000 0.30105838001472873
2000 1.091688059992157
5000 12.725259440008085
10000 98.65093299999134
