2 0.0009743799921125174
5 0.00028244000859558584
10 0.0003377999877557158
12 0.00027809999883174894
15 0.0003135200007818639
20 0.0002179000061005354
30 0.0001901799812912941
40 0.000317799998447299
45 0.00048210000386461616
50 0.0005909600062295794
55 0.0007651400053873658
60 0.0007776400074362755
75 0.000787480000872165
100 0.0020745799993164837
125 0.0009368199971504509
160 0.0020546399871818723
200 0.0014568399987183512
250 0.0019419000018388033
350 0.013288440008182079
500 0.009508499992080033
800 0.023087959992699324
1000 0.04272057999623939
2000 0.31953636000398544
5000 2.897589479992166
10000 18.021669299993665
