2 0.0002585800248198211
5 0.00025465999497100713
10 0.0003143399953842163
12 0.0002059199847280979
15 0.00029625999741256237
20 0.00016719999257475138
30 0.00018946001073345543
40 0.0003174999845214188
45 0.0005512799834832549
50 0.00044159999815747143
55 0.0006680600112304091
60 0.000639320001937449
75 0.0006931400042958557
100 0.0008551800157874823
125 0.0013066000072285533
160 0.0011662400094792247
200 0.0012033000006340445
250 0.0017237799940630794
350 0.006075559998862445
500 0.021533500007353722
800 0.02464453998254612
1000 0.052244800014887
2000 0.33219046001322566
5000 2.9342792600044048
10000 17.953685160016175
