2 0.0003779999911785126
5 0.0002443200210109353
10 0.0002692200127057731
12 0.00025975999888032674
15 0.000473960000090301
20 0.00015601997729390859
30 0.00017908000154420733
40 0.00030146000208333137
45 0.0003986199968494475
50 0.00039176001446321606
55 0.001431120012421161
60 0.0007906599901616573
75 0.0007450400153174996
100 0.0011123600183054806
125 0.0010315999970771372
160 0.005772760009858757
200 0.0013064399943687021
250 0.001742199994623661
350 0.007854020001832395
500 0.01436269999248907
800 0.023917300009634344
1000 0.05061043999157846
2000 0.3209839800023474
5000 3.0006894400110466
10000 17.61250863999594
