2 0.0002555200015194714
5 0.0001036199857480824
10 0.00033747999696061016
12 0.0002044800203293562
15 0.0001969599979929626
20 0.0002763200202025473
30 0.00029186002211645246
40 0.0001492600073106587
45 0.00018193998839706184
50 0.00044874000595882533
55 0.00030924000311642884
60 0.00026672000531107186
75 0.0005202200147323311
100 0.0008334800018928945
125 0.0007249400019645691
160 0.015778979996684938
200 0.001013720012269914
250 0.001717180002015084
350 0.1622471799957566
500 0.053609159996267405
800 0.02854665999766439
1000 0.04945457999128848
2000 0.3476507600164041
5000 3.7063809999846855
10000 29.75539117999142
