2 0.006688720011152327
5 0.00041902001248672605
10 0.00028003999032080176
12 0.00036675999872386454
15 0.0004183200071565807
20 0.00043003997998312114
30 0.00029139998368918894
40 0.000525519996881485
45 0.0006837999913841486
50 0.0010009199730120599
55 0.001130419981200248
60 0.0006897800019942224
75 0.0013975000241771341
100 0.0009510999894700945
125 0.0012484200065955519
160 0.00919975999277085
200 0.0014620599918998777
250 0.002488619985524565
350 0.02793018000666052
500 0.020893619989510625
800 0.0329384799930267
1000 0.06613636001711712
2000 0.4364610999939032
5000 4.426203939993866
10000 30.17833804001566
